{
 "cells": [
  {
   "cell_type": "markdown",
   "id": "d2f6ed30",
   "metadata": {},
   "source": [
    "## 1. Random Data Generator\n"
   ]
  },
  {
   "cell_type": "markdown",
   "id": "e59206c0",
   "metadata": {},
   "source": [
    "### a. Univariate gaussian data generator\n",
    "since a N(μ, σ2) can be generated as X = μ + σZ\n",
    "\n",
    "Marsaglia polar method https://en.wikipedia.org/wiki/Normal_distribution#Generating_values_from_normal_distribution"
   ]
  },
  {
   "cell_type": "code",
   "execution_count": 1,
   "id": "912fca60",
   "metadata": {},
   "outputs": [],
   "source": [
    "import numpy as np\n",
    "from matrixTool import inverse\n",
    "import matplotlib.pyplot as plt\n",
    "from math import exp, pi, sqrt, log"
   ]
  },
  {
   "cell_type": "code",
   "execution_count": 2,
   "id": "08169ef3",
   "metadata": {},
   "outputs": [],
   "source": [
    "m = 3    # mean\n",
    "s = 5    # variance"
   ]
  },
  {
   "cell_type": "code",
   "execution_count": 3,
   "id": "88d4c67d",
   "metadata": {},
   "outputs": [],
   "source": [
    "def gaussian_data_generator(m, s):\n",
    "    while(True):\n",
    "        U = np.random.uniform(-1, 1)\n",
    "        V = np.random.uniform(-1, 1)\n",
    "        S = U**2 + V**2   # 規定S要小於1\n",
    "        if S < 1:\n",
    "            break\n",
    "        \n",
    "    Z = U * sqrt((-2) * log(S) / S)\n",
    "    p = m + sqrt(s) * Z\n",
    "    return p"
   ]
  },
  {
   "cell_type": "raw",
   "id": "5a8c6c09",
   "metadata": {
    "scrolled": true
   },
   "source": [
    "# 驗證，參考https://kknews.cc/zh-tw/news/pg8kj88.html\n",
    "ps=[]\n",
    "for i in range(10000):\n",
    "    ps.append(gaussian_data_generator(m,s))\n",
    "plt.hist(ps, bins=100)       # bins控制直方塊的數量\n",
    "plt.title('mean:{}, varinance:{}'.format(m,s))\n",
    "plt.show()"
   ]
  },
  {
   "cell_type": "markdown",
   "id": "eac7db0c",
   "metadata": {},
   "source": [
    "### b. Polynomial basis linear model data generator"
   ]
  },
  {
   "cell_type": "code",
   "execution_count": 4,
   "id": "64d7b046",
   "metadata": {},
   "outputs": [],
   "source": [
    "n = 3      # basis number\n",
    "a = 10     # variance \n",
    "w = np.array([2, 4, 5])"
   ]
  },
  {
   "cell_type": "code",
   "execution_count": 5,
   "id": "fe54b117",
   "metadata": {},
   "outputs": [],
   "source": [
    "def linearmodel_data_generator(n, a, w):\n",
    "    x = np.random.uniform(-1, 1)                # x is uniformly distributed\n",
    "    y = 0\n",
    "    for i in range(n):\n",
    "        y += (w[i]*(x**i))\n",
    "    \n",
    "    e = gaussian_data_generator(0, a)\n",
    "    return x, y+e"
   ]
  },
  {
   "cell_type": "code",
   "execution_count": 6,
   "id": "b50c6101",
   "metadata": {
    "scrolled": true
   },
   "outputs": [
    {
     "data": {
      "text/plain": [
       "(-0.13648439167041637, 1.299091927469163)"
      ]
     },
     "execution_count": 6,
     "metadata": {},
     "output_type": "execute_result"
    }
   ],
   "source": [
    "linearmodel_data_generator(n, a, w)"
   ]
  },
  {
   "cell_type": "code",
   "execution_count": null,
   "id": "a1385815",
   "metadata": {},
   "outputs": [],
   "source": []
  },
  {
   "cell_type": "markdown",
   "id": "1c0fea42",
   "metadata": {},
   "source": [
    "## 2. Sequential Estimator\n",
    "Welford's online algorithm\n",
    "https://en.wikipedia.org/wiki/Algorithms_for_calculating_variance#Online_algorithm"
   ]
  },
  {
   "cell_type": "code",
   "execution_count": 7,
   "id": "1a12eb88",
   "metadata": {},
   "outputs": [],
   "source": [
    "# 正確mean & variance\n",
    "m = 3.0\n",
    "s = 5.0"
   ]
  },
  {
   "cell_type": "code",
   "execution_count": 8,
   "id": "b931669a",
   "metadata": {},
   "outputs": [
    {
     "name": "stdout",
     "output_type": "stream",
     "text": [
      "Data point source function: N(3.0,5.0)\n",
      "Add data point: 3.52024147268419\n",
      "Mean=3.260120736342095  Variance=0.1353255949503076\n",
      "\n",
      "Add data point: 5.637899122662866\n",
      "Mean=3.8792997075542885  Variance=4.819503927115171\n",
      "\n",
      "Add data point: -1.0776299274760701\n",
      "Mean=1.9805925181309825  Variance=7.490099789695457\n",
      "\n",
      "Add data point: 1.7020508745620053\n",
      "Mean=2.7404101749124012  Variance=4.086934386445051\n",
      "\n",
      "Add data point: -0.2050165316502519\n",
      "Mean=2.4658305780582914  Variance=5.712021828025235\n",
      "\n",
      "Add data point: 6.792552167700583\n",
      "Mean=3.5417931668143687  Variance=6.2214455159138655\n",
      "\n",
      "Add data point: 1.709840414872911\n",
      "Mean=2.838730051859114  Variance=4.493778255101199\n",
      "\n",
      "Add data point: -3.5743770958154952\n",
      "Mean=2.2695136560205005  Variance=9.17749268866482\n",
      "\n",
      "Add data point: 1.4592811073700376\n",
      "Mean=2.845928110737004  Variance=4.681825915055135\n",
      "\n",
      "Add data point: 6.1293080745007025\n",
      "Mean=3.2844825522273364  Variance=5.390233547739572\n",
      "\n",
      "Add data point: 3.894993086864592\n",
      "Mean=3.074582757238716  Variance=4.612205597582497\n",
      "\n",
      "Add data point: 0.9177260593791883\n",
      "Mean=2.839825081490707  Variance=4.916861392086297\n",
      "\n",
      "Add data point: 4.764397040277231\n",
      "Mean=3.126028360019802  Variance=4.837748680794547\n",
      "\n",
      "Add data point: 2.4569180775839983\n",
      "Mean=2.9637945385055997  Variance=4.662519674487481\n",
      "\n",
      "Add data point: -0.4389426635816971\n",
      "Mean=2.785066083526144  Variance=5.405812081879316\n",
      "\n",
      "Add data point: -1.9247464185528749\n",
      "Mean=2.7103090342027722  Variance=6.114154546297021\n",
      "\n",
      "Add data point: 3.4626348030659146\n",
      "Mean=3.025701933503662  Variance=4.717772961886056\n",
      "\n",
      "Add data point: 0.6586263234050138\n",
      "Mean=2.876769806495001  Variance=5.010750153456534\n",
      "\n",
      "Add data point: 5.1728960156444135\n",
      "Mean=3.1086448007822205  Variance=4.972915960003326\n",
      "\n",
      "Add data point: 6.041586392776642\n",
      "Mean=3.144837447275078  Variance=5.190535608796382\n",
      "\n",
      "Add data point: 0.8736842664223081\n",
      "Mean=2.9033492848373776  Variance=4.967414698216582\n",
      "\n",
      "Add data point: 4.960021737212693\n",
      "Mean=3.0852183364005517  Variance=4.939757064481458\n",
      "\n",
      "Add data point: 6.9036322821578135\n",
      "Mean=3.162651345089909  Variance=5.417539737081533\n",
      "\n",
      "Add data point: 3.9204299398537894\n",
      "Mean=3.0368171975941514  Variance=4.825554317633837\n",
      "\n",
      "Add data point: 2.269664928126057\n",
      "Mean=2.9719101895433098  Variance=4.820514973738812\n",
      "\n",
      "Add data point: 2.342454884014072\n",
      "Mean=2.9756464771857063  Variance=4.823705847675898\n",
      "\n",
      "Add data point: 4.315607609718622\n",
      "Mean=3.0469859860613795  Variance=4.876629935627299\n",
      "\n",
      "Add data point: 9.12679182980748\n",
      "Mean=3.211268683786465  Variance=6.115827817145664\n",
      "\n",
      "Add data point: 1.5973950144267026\n",
      "Mean=2.95324650048089  Variance=4.893162898415054\n",
      "\n",
      "Add data point: 2.3831723271755862\n",
      "Mean=2.9801023331346963  Variance=4.845606764880494\n",
      "\n",
      "Add data point: 1.9673886422865194\n",
      "Mean=2.967730895071454  Variance=4.87203112167182\n",
      "\n",
      "Add data point: 2.752040417398779\n",
      "Mean=2.9924860732545087  Variance=4.845613150139508\n",
      "\n",
      "Add data point: 3.3708910178318536\n",
      "Mean=3.0109085593479956  Variance=4.852530735164506\n",
      "\n",
      "Add data point: 8.884827297395098\n",
      "Mean=3.168137922782717  Variance=5.84240381418963\n",
      "\n",
      "Add data point: 3.5839677769145806\n",
      "Mean=3.016221327136516  Variance=4.866615589489372\n",
      "\n",
      "Add data point: 1.7486144915802\n",
      "Mean=2.966178770042708  Variance=4.903434508156599\n",
      "\n",
      "Add data point: 2.3540185202524424\n",
      "Mean=2.9830004873750644  Variance=4.875846235185308\n",
      "\n",
      "Add data point: 7.161797240563499\n",
      "Mean=3.1067127497580382  Variance=5.312537880107526\n",
      "\n",
      "Add data point: 3.0199894110773706\n",
      "Mean=3.0004997352769345  Variance=4.8718048612087514\n",
      "\n",
      "Add data point: 2.6629436308953434\n",
      "Mean=2.991779112948667  Variance=4.877770902340342\n",
      "\n",
      "Add data point: 3.34540638282248\n",
      "Mean=3.0082239614957733  Variance=4.880889389280531\n",
      "\n",
      "Add data point: 4.667945145063474\n",
      "Mean=3.0387894219782203  Variance=4.945651009020772\n",
      "\n",
      "Add data point: 3.6181851415921\n",
      "Mean=3.0140496623089112  Variance=4.892406222716313\n",
      "\n",
      "Add data point: 6.283553657154307\n",
      "Mean=3.0729678590478735  Variance=5.125957516795002\n",
      "\n",
      "Add data point: 1.6116871039803344\n",
      "Mean=2.969819284869138  Variance=4.9307891649161615\n",
      "\n",
      "Add data point: 3.8349937763666553\n",
      "Mean=3.0177658250290778  Variance=4.906138701157386\n",
      "\n",
      "Add data point: 3.7192282079165873\n",
      "Mean=3.014983920998262  Variance=4.904393879923739\n",
      "\n",
      "Add data point: 2.627057446941006\n",
      "Mean=2.9923889274885918  Variance=4.898671826147255\n",
      "\n",
      "Add data point: 7.783066429420399\n",
      "Mean=3.095661328588408  Variance=5.355513673038438\n",
      "\n",
      "Add data point: 0.3949066227176399\n",
      "Mean=2.9489197377003458  Variance=5.033068853026675\n",
      "\n",
      "Add data point: 5.769735287118117\n",
      "Mean=3.053264140136887  Variance=5.049488352788866\n",
      "\n",
      "Add data point: 1.4981023741109836\n",
      "Mean=2.9716623089454903  Variance=4.946406464764099\n",
      "\n",
      "Add data point: 1.272325233863887\n",
      "Mean=2.9680060228493312  Variance=4.960935564350036\n",
      "\n",
      "Add data point: 9.153645681726545\n",
      "Mean=3.1118844669404826  Variance=5.595904774247985\n",
      "\n",
      "Add data point: -0.5714394888816092\n",
      "Mean=2.9362242948414  Variance=5.136861980925604\n",
      "\n",
      "Add data point: 6.702615128599473\n",
      "Mean=3.064958160150868  Variance=5.151229352214877\n",
      "\n",
      "Add data point: 1.9671555389298432\n",
      "Mean=2.982192336878101  Variance=4.930673247974443\n",
      "\n",
      "Add data point: -0.9800234838981905\n",
      "Mean=2.932541974849183  Variance=5.182277627725921\n",
      "\n",
      "Add data point: 5.243671418984812\n",
      "Mean=3.037394523649747  Variance=4.999155261227624\n",
      "\n",
      "Add data point: 3.7181434384098973\n",
      "Mean=3.011772843252621  Variance=4.925121256799965\n",
      "\n",
      "Add data point: 3.7568079666466447\n",
      "Mean=3.012206580107204  Variance=4.9272708239558884\n",
      "\n",
      "Add data point: 6.269073115150537\n",
      "Mean=3.051890049446834  Variance=5.088987204300154\n",
      "\n",
      "Add data point: 0.454939595818173\n",
      "Mean=2.9602334311846588  Variance=5.0218432403370175\n",
      "\n",
      "Add data point: 2.419269706322467\n",
      "Mean=2.9910656877895763  Variance=4.927063425753766\n",
      "\n",
      "Add data point: 2.990350971635835\n",
      "Mean=2.999853802600543  Variance=4.923078333739777\n",
      "\n",
      "Add data point: 2.986636407797465\n",
      "Mean=2.9998005433999624  Variance=4.924245089699089\n",
      "\n",
      "Add data point: 2.3313676874680564\n",
      "Mean=2.99016717187453  Variance=4.93194768093662\n",
      "\n",
      "Add data point: 3.29973930196385\n",
      "Mean=3.0043440478545484  Variance=4.927772670106914\n",
      "\n",
      "Add data point: 3.3601528573153696\n",
      "Mean=3.005145040818791  Variance=4.929389233035949\n",
      "\n",
      "Add data point: 4.381286422597727\n",
      "Mean=3.0194547383464467  Variance=4.955443994504567\n",
      "\n",
      "Add data point: 5.982147754373352\n",
      "Mean=3.041418718810741  Variance=5.053094204079205\n",
      "\n",
      "Add data point: 6.107754164112295\n",
      "Mean=3.0425719748508535  Variance=5.062858787672779\n",
      "\n",
      "Add data point: 4.726958944026558\n",
      "Mean=3.023337283027386  Variance=4.971809378968492\n",
      "\n",
      "Add data point: 4.9834080623204615\n",
      "Mean=3.0264454408309396  Variance=4.984884532988136\n",
      "\n",
      "Add data point: 6.269410619595058\n",
      "Mean=3.0430185607841453  Variance=5.073978672800714\n",
      "\n",
      "Add data point: 2.583354495010296\n",
      "Mean=2.9945890194157183  Variance=4.936464987053817\n",
      "\n",
      "Add data point: 4.322541694374559\n",
      "Mean=3.016955662748392  Variance=4.957489506005437\n",
      "\n",
      "Add data point: -0.35696774159776856\n",
      "Mean=2.9575067374481296  Variance=5.07854594751931\n",
      "\n",
      "Add data point: 2.7539482200665955\n",
      "Mean=2.9969243527508325  Variance=4.937465629239599\n",
      "\n",
      "Add data point: 5.911422497772974\n",
      "Mean=3.035943487626827  Variance=5.042146678525168\n",
      "\n",
      "Add data point: 3.693539207490088\n",
      "Mean=3.008457795213294  Variance=4.944137417527613\n",
      "\n",
      "Add data point: 0.9856346319739324\n",
      "Mean=2.9757305377346257  Variance=4.987911954531889\n",
      "\n",
      "Add data point: 1.3374585590846075\n",
      "Mean=2.9802078399891023  Variance=4.972664322367924\n",
      "\n",
      "Add data point: 0.1060650227429778\n",
      "Mean=2.9659537061499175  Variance=5.039003951094916\n",
      "\n",
      "Add data point: 1.5878881508406755\n",
      "Mean=2.983580094777217  Variance=4.9643632133154005\n",
      "\n",
      "Add data point: 3.801614438921747\n",
      "Mean=3.009213959068066  Variance=4.949246507744875\n",
      "\n",
      "Add data point: 3.9598046985553346\n",
      "Mean=3.0109068715744924  Variance=4.952997202215921\n",
      "\n",
      "Add data point: 4.53319692325328\n",
      "Mean=3.017226931721947  Variance=4.969594096895002\n",
      "\n",
      "Add data point: 2.034677916450756\n",
      "Mean=2.989274199071675  Variance=4.9541740772189655\n",
      "\n",
      "Add data point: 6.802580348412286\n",
      "Mean=3.0417865972353  Variance=5.103341337918415\n",
      "\n",
      "Add data point: 0.18680917531978736\n",
      "Mean=2.969421838862172  Variance=5.031077147403477\n",
      "\n",
      "Add data point: 2.021513483358456\n",
      "Mean=2.9894786396060047  Variance=4.955947183195295\n",
      "\n",
      "Add data point: 5.972331731844142\n",
      "Mean=3.0316205503387677  Variance=5.0402233242900785\n",
      "\n",
      "Add data point: 5.405508511643086\n",
      "Mean=3.025321142227822  Variance=5.007718733791848\n",
      "\n",
      "Add data point: 0.5970518619606402\n",
      "Mean=2.974969290228757  Variance=5.0075159184912446\n",
      "\n",
      "Add data point: 4.00856960891376\n",
      "Mean=3.0103976248341624  Variance=4.95840339507929\n",
      "\n",
      "Add data point: 3.2167487859523995\n",
      "Mean=3.0022117223056366  Variance=4.948932996372034\n",
      "\n",
      "Add data point: 3.530083249304246\n",
      "Mean=3.0053543762555983  Variance=4.9518178570003\n",
      "\n",
      "Add data point: -1.937977519545096\n",
      "Mean=2.950620224804549  Variance=5.1933311693302775\n",
      "\n",
      "Add data point: 5.264819986610806\n",
      "Mean=3.0224239602634735  Variance=5.000786233383681\n",
      "\n",
      "Add data point: 7.17563659908251\n",
      "Mean=3.0409376137164954  Variance=5.12143564761865\n",
      "\n",
      "Add data point: 0.22586636938772697\n",
      "Mean=2.9730666637804632  Variance=5.0256970659480675\n",
      "\n",
      "Add data point: 6.637571255723679\n",
      "Mean=3.0349766466896506  Variance=5.078686355299488\n",
      "\n",
      "Add data point: 2.341234618429119\n",
      "Mean=2.9937260439850393  Variance=4.9560561419512315\n",
      "\n",
      "Add data point: 4.703478901413364\n",
      "Mean=3.016070555673711  Variance=4.979756804905108\n",
      "\n",
      "Add data point: 1.4755551477281357\n",
      "Mean=2.9857528518479266  Variance=4.9745491803392285\n",
      "\n",
      "Add data point: -0.8781668236485713\n",
      "Mean=2.96409104792918  Variance=5.092531934630424\n",
      "\n",
      "Add data point: 1.1523869448423698\n",
      "Mean=2.983049421512315  Variance=4.9850218138100235\n",
      "\n",
      "Add data point: 3.4517446266392287\n",
      "Mean=3.004106769333084  Variance=4.955983651346039\n",
      "\n",
      "Add data point: 5.37034000111292\n",
      "Mean=3.0213544144244406  Variance=5.005162677256049\n",
      "\n",
      "Add data point: 4.623811920228734\n",
      "Mean=3.014498320716328  Variance=4.9784975009574275\n",
      "\n",
      "Add data point: 0.2204696495767111\n",
      "Mean=2.97540238627944  Variance=5.023726956741428\n",
      "\n",
      "Add data point: 5.72673714120165\n",
      "Mean=3.023918746852646  Variance=5.02097234780349\n",
      "\n",
      "Add data point: 4.448943594530809\n",
      "Mean=3.0125995095176594  Variance=4.974396329487035\n",
      "\n",
      "Add data point: 0.459196391418097\n",
      "Mean=2.978096520615673  Variance=5.012174178590631\n",
      "\n",
      "Add data point: 5.46448715465403\n",
      "Mean=3.021063992774821  Variance=5.008808491343409\n",
      "\n",
      "Add data point: 3.965469812652281\n",
      "Mean=3.0081819475648497  Variance=4.965164380647524\n",
      "\n",
      "Add data point: 6.333402874569618\n",
      "Mean=3.0280117888619293  Variance=5.051001696158261\n",
      "\n",
      "Add data point: 5.004932257339057\n",
      "Mean=3.016707768811159  Variance=4.991481137914967\n",
      "\n",
      "Add data point: 3.084966771971376\n",
      "Mean=3.000702204727036  Variance=4.958392997402252\n",
      "\n",
      "Add data point: 3.085705874203858\n",
      "Mean=3.0007025071656055  Variance=4.9587378949411764\n",
      "\n"
     ]
    }
   ],
   "source": [
    "# 一開始mean & variance都是0\n",
    "m_est = 0\n",
    "s_est = 0\n",
    "\n",
    "n = 1  # n:總point數\n",
    "print('Data point source function: N({},{})'.format(m, s))\n",
    "\n",
    "for i in range(1000):\n",
    "    new_point = gaussian_data_generator(m, s)          # 我一直丟~N(m, s)的點進去，這樣會越來越偏向該高斯分布\n",
    "    n += 1\n",
    "    new_m = m + (new_point - m) / n\n",
    "    new_s = s + (new_point - m)**2 / n - s / (n-1)\n",
    "    print('Add data point: {}'.format(new_point))\n",
    "    print('Mean={}  Variance={}'.format(new_m, new_s))\n",
    "    print()\n",
    "    \n",
    "    # 自訂義收斂:如果|新mean-舊mean| < 1e-5，|新var-舊var| < 1e-5，就當作收斂\n",
    "    if abs(m_est - new_m) < 1e-5 or abs(s_est-new_s) < 1e-5:\n",
    "        break\n",
    "    else:\n",
    "        m_est = new_m\n",
    "        s_est = new_s   \n",
    "    "
   ]
  },
  {
   "cell_type": "code",
   "execution_count": null,
   "id": "695978ea",
   "metadata": {},
   "outputs": [],
   "source": []
  },
  {
   "cell_type": "markdown",
   "id": "eebbad98",
   "metadata": {},
   "source": [
    "## 3. Baysian Linear regression"
   ]
  },
  {
   "cell_type": "code",
   "execution_count": 30,
   "id": "f7900b6e",
   "metadata": {},
   "outputs": [],
   "source": [
    "b = 1    # prior gaussian distribution's variance\n",
    "\n",
    "n = 4    # 1, x, x^2, x^3\n",
    "a = 1    # variance of e~N(0,a)\n",
    "w = np.array([1, 2, 3, 4]) #line parameters"
   ]
  },
  {
   "cell_type": "code",
   "execution_count": 31,
   "id": "a5f252fe",
   "metadata": {},
   "outputs": [],
   "source": [
    "# 矩陣相乘\n",
    "def matrixMul(A, B):\n",
    "    return A.dot(B)"
   ]
  },
  {
   "cell_type": "code",
   "execution_count": 32,
   "id": "feec8ca1",
   "metadata": {},
   "outputs": [],
   "source": [
    "# 畫圖資訊\n",
    "plot_x         = []\n",
    "plot_y         = []\n",
    "plot_mean      = []\n",
    "plot_variance  = []\n",
    "converge_times = 10001   # 收斂的次數，最多跑10000次"
   ]
  },
  {
   "cell_type": "code",
   "execution_count": 33,
   "id": "89d5387e",
   "metadata": {
    "scrolled": true
   },
   "outputs": [
    {
     "name": "stdout",
     "output_type": "stream",
     "text": [
      "Add data point (0.12658, 1.64965):\n",
      "\n",
      "Posterior mean:\n",
      "[[0.81816388]\n",
      " [0.10356693]\n",
      " [0.01310998]\n",
      " [0.00165952]]\n",
      "\n",
      "Posterior variance:\n",
      "[[ 5.04038251e-01 -6.27811098e-02 -7.94712044e-03 -1.00598291e-03]\n",
      " [-6.27811098e-02  9.92052880e-01 -1.00598291e-03 -1.27341924e-04]\n",
      " [-7.94712044e-03 -1.00598291e-03  9.99872658e-01 -1.61195240e-05]\n",
      " [-1.00598291e-03 -1.27341924e-04 -1.61195240e-05  9.99997960e-01]]\n",
      "\n",
      "Predictive distribution ~ N(0.83149,1.50404)\n",
      "--------------------------------------------------\n",
      "Add data point (0.42959, 2.63798):\n",
      "\n",
      "Posterior mean:\n",
      "[[1.32287382]\n",
      " [0.48905534]\n",
      " [0.20006169]\n",
      " [0.08467411]]\n",
      "\n",
      "Posterior variance:\n",
      "[[ 0.36865676 -0.16618307 -0.05809435 -0.0232735 ]\n",
      " [-0.16618307  0.91307631 -0.03930753 -0.01713488]\n",
      " [-0.05809435 -0.03930753  0.98129742 -0.00826432]\n",
      " [-0.0232735  -0.01713488 -0.00826432  0.9963354 ]]\n",
      "\n",
      "Predictive distribution ~ N(1.57660,1.40129)\n",
      "--------------------------------------------------\n",
      "Add data point (-0.80336, -0.87896):\n",
      "\n",
      "Posterior mean:\n",
      "[[ 1.00962318]\n",
      " [ 1.09106742]\n",
      " [-0.20147199]\n",
      " [ 0.43386261]]\n",
      "\n",
      "Posterior variance:\n",
      "[[ 0.28981553 -0.01466424 -0.1591553   0.06461283]\n",
      " [-0.01466424  0.62188404  0.15491366 -0.18603679]\n",
      " [-0.1591553   0.15491366  0.85175458  0.1043909 ]\n",
      " [ 0.06461283 -0.18603679  0.1043909   0.89836626]]\n",
      "\n",
      "Predictive distribution ~ N(-0.22188,1.65310)\n",
      "--------------------------------------------------\n",
      "Add data point (-0.00879, 0.77194):\n",
      "\n",
      "Posterior mean:\n",
      "[[ 0.95836614]\n",
      " [ 1.09462393]\n",
      " [-0.1731059 ]\n",
      " [ 0.42214937]]\n",
      "\n",
      "Posterior variance:\n",
      "[[ 0.22465714 -0.01014317 -0.12309608  0.04972286]\n",
      " [-0.01014317  0.62157034  0.15241167 -0.18500364]\n",
      " [-0.12309608  0.15241167  0.83179909  0.11263114]\n",
      " [ 0.04972286 -0.18500364  0.11263114  0.89496361]]\n",
      "\n",
      "Predictive distribution ~ N(0.94873,1.22486)\n",
      "--------------------------------------------------\n",
      "Add data point (-0.29887, 0.65121):\n",
      "\n",
      "Posterior mean:\n",
      "[[ 0.96637175]\n",
      " [ 1.08803105]\n",
      " [-0.17672476]\n",
      " [ 0.42553886]]\n",
      "\n",
      "Posterior variance:\n",
      "[[ 0.18776504  0.02023868 -0.10641932  0.03410314]\n",
      " [ 0.02023868  0.59654989  0.13867782 -0.17214029]\n",
      " [-0.10641932  0.13867782  0.82426051  0.1196919 ]\n",
      " [ 0.03410314 -0.17214029  0.1196919   0.88835039]]\n",
      "\n",
      "Predictive distribution ~ N(0.61404,1.20461)\n",
      "--------------------------------------------------\n",
      "Add data point (-0.61354, -0.37510):\n",
      "\n",
      "Posterior mean:\n",
      "[[ 0.91731054]\n",
      " [ 1.18576355]\n",
      " [-0.21181653]\n",
      " [ 0.43339339]]\n",
      "\n",
      "Posterior variance:\n",
      "[[ 0.17548684  0.04469748 -0.11520148  0.03606883]\n",
      " [ 0.04469748  0.54782668  0.15617234 -0.17605605]\n",
      " [-0.11520148  0.15617234  0.81797893  0.12109789]\n",
      " [ 0.03606883 -0.17605605  0.12109789  0.88803569]]\n",
      "\n",
      "Predictive distribution ~ N(0.00996,1.24366)\n",
      "--------------------------------------------------\n",
      "Add data point (0.00170, 2.50452):\n",
      "\n",
      "Posterior mean:\n",
      "[[ 1.15403277]\n",
      " [ 1.24728966]\n",
      " [-0.3667885 ]\n",
      " [ 0.4816238 ]]\n",
      "\n",
      "Posterior variance:\n",
      "[[ 0.14926945  0.03788336 -0.09803807  0.03072723]\n",
      " [ 0.03788336  0.54605563  0.16063326 -0.17744438]\n",
      " [-0.09803807  0.16063326  0.80674278  0.12459481]\n",
      " [ 0.03072723 -0.17744438  0.12459481  0.88694737]]\n",
      "\n",
      "Predictive distribution ~ N(1.15615,1.14940)\n",
      "--------------------------------------------------\n",
      "Add data point (-0.06691, 0.70607):\n",
      "\n",
      "Posterior mean:\n",
      "[[ 1.1077183 ]\n",
      " [ 1.24661909]\n",
      " [-0.33347834]\n",
      " [ 0.46804397]]\n",
      "\n",
      "Posterior variance:\n",
      "[[ 0.13059051  0.03761291 -0.08460386  0.0252504 ]\n",
      " [ 0.03761291  0.54605172  0.16082777 -0.17752368]\n",
      " [-0.08460386  0.16082777  0.79708066  0.12853385]\n",
      " [ 0.0252504  -0.17752368  0.12853385  0.88534152]]\n",
      "\n",
      "Predictive distribution ~ N(1.02267,1.12714)\n",
      "--------------------------------------------------\n",
      "Add data point (-0.31226, 1.34060):\n",
      "\n",
      "Posterior mean:\n",
      "[[ 1.17234474]\n",
      " [ 1.1808256 ]\n",
      " [-0.36938296]\n",
      " [ 0.50703413]]\n",
      "\n",
      "Posterior variance:\n",
      "[[ 0.11997976  0.04841527 -0.07870883  0.01884876]\n",
      " [ 0.04841527  0.53505429  0.15482628 -0.17100644]\n",
      " [-0.07870883  0.15482628  0.79380555  0.13209041]\n",
      " [ 0.01884876 -0.17100644  0.13209041  0.88147931]]\n",
      "\n",
      "Predictive distribution ~ N(0.75216,1.12032)\n",
      "--------------------------------------------------\n",
      "Add data point (0.56105, 5.57852):\n",
      "\n",
      "Posterior mean:\n",
      "[[1.5011218 ]\n",
      " [2.14114914]\n",
      " [0.36656151]\n",
      " [0.82133822]]\n",
      "\n",
      "Posterior variance:\n",
      "[[ 0.10901911  0.01640033 -0.10324349  0.0083706 ]\n",
      " [ 0.01640033  0.44154198  0.08316307 -0.20161206]\n",
      " [-0.10324349  0.08316307  0.73888641  0.10863578]\n",
      " [ 0.0083706  -0.20161206  0.10863578  0.8714624 ]]\n",
      "\n",
      "Predictive distribution ~ N(2.96287,1.30627)\n",
      "--------------------------------------------------\n",
      "Add data point (-0.22803, 1.57975):\n",
      "\n",
      "Posterior mean:\n",
      "[[1.55114542]\n",
      " [2.10227259]\n",
      " [0.32392375]\n",
      " [0.84622691]]\n",
      "\n",
      "Posterior variance:\n",
      "[[ 0.10006408  0.02335986 -0.09561065  0.00391512]\n",
      " [ 0.02335986  0.43613328  0.0772311  -0.19814943]\n",
      " [-0.09561065  0.0772311   0.73238054  0.11243341]\n",
      " [ 0.00391512 -0.19814943  0.11243341  0.86924563]]\n",
      "\n",
      "Predictive distribution ~ N(1.07857,1.10111)\n",
      "--------------------------------------------------\n",
      "Add data point (-0.21258, -0.49161):\n",
      "\n",
      "Posterior mean:\n",
      "[[1.419002  ]\n",
      " [2.19541498]\n",
      " [0.4404448 ]\n",
      " [0.78394467]]\n",
      "\n",
      "Posterior variance:\n",
      "[[ 9.25809430e-02  2.86344064e-02 -8.90121958e-02  3.88151402e-04]\n",
      " [ 2.86344064e-02  4.32415472e-01  7.25801228e-02 -1.95663412e-01]\n",
      " [-8.90121958e-02  7.25801228e-02  7.26562169e-01  1.15543416e-01]\n",
      " [ 3.88151402e-04 -1.95663412e-01  1.15543416e-01  8.67583285e-01]]\n",
      "\n",
      "Predictive distribution ~ N(0.96468,1.09117)\n",
      "--------------------------------------------------\n",
      "Add data point (-0.41068, 1.46107):\n",
      "\n",
      "Posterior mean:\n",
      "[[1.47360253]\n",
      " [2.09319268]\n",
      " [0.43689038]\n",
      " [0.81726009]]\n",
      "\n",
      "Posterior variance:\n",
      "[[ 0.08869252  0.03591426 -0.08875906 -0.00198444]\n",
      " [ 0.03591426  0.41878623  0.07210621 -0.19122149]\n",
      " [-0.08875906  0.07210621  0.72654569  0.11569787]\n",
      " [-0.00198444 -0.19122149  0.11569787  0.86613561]]\n",
      "\n",
      "Predictive distribution ~ N(0.63105,1.10141)\n",
      "--------------------------------------------------\n",
      "Add data point (0.08711, 0.30354):\n",
      "\n",
      "Posterior mean:\n",
      "[[1.36090565]\n",
      " [2.00316218]\n",
      " [0.53195903]\n",
      " [0.83851555]]\n",
      "\n",
      "Posterior variance:\n",
      "[[ 8.11187529e-02  2.98637879e-02 -8.23700022e-02 -5.55970374e-04]\n",
      " [ 2.98637879e-02  4.13952672e-01  7.72102641e-02 -1.90080323e-01]\n",
      " [-8.23700022e-02  7.72102641e-02  7.21156015e-01  1.14492845e-01]\n",
      " [-5.55970374e-04 -1.90080323e-01  1.14492845e-01  8.65866191e-01]]\n",
      "\n",
      "Predictive distribution ~ N(1.53999,1.08833)\n",
      "--------------------------------------------------\n",
      "Add data point (0.22611, 0.74877):\n",
      "\n",
      "Posterior mean:\n",
      "[[1.2778786 ]\n",
      " [1.87888619]\n",
      " [0.55847667]\n",
      " [0.86598037]]\n",
      "\n",
      "Posterior variance:\n",
      "[[ 0.07481591  0.02042961 -0.08035697  0.00152897]\n",
      " [ 0.02042961  0.39983147  0.0802234  -0.18695956]\n",
      " [-0.08035697  0.0802234   0.72051308  0.11382694]\n",
      " [ 0.00152897 -0.18695956  0.11382694  0.86517651]]\n",
      "\n",
      "Predictive distribution ~ N(1.74128,1.09933)\n",
      "--------------------------------------------------\n",
      "Add data point (0.72801, 5.35113):\n",
      "\n",
      "Posterior mean:\n",
      "[[1.34103172]\n",
      " [2.25218574]\n",
      " [1.09326903]\n",
      " [1.2097288 ]]\n",
      "\n",
      "Posterior variance:\n",
      "[[ 0.07336465  0.0118512  -0.09264647 -0.00637035]\n",
      " [ 0.0118512   0.34912431  0.00757987 -0.23365263]\n",
      " [-0.09264647  0.00757987  0.61644329  0.04693402]\n",
      " [-0.00637035 -0.23365263  0.04693402  0.82217975]]\n",
      "\n",
      "Predictive distribution ~ N(4.02687,1.36188)\n",
      "--------------------------------------------------\n",
      "Add data point (0.88710, 7.26729):\n",
      "\n",
      "Posterior mean:\n",
      "[[1.34922726]\n",
      " [2.45876353]\n",
      " [1.63600397]\n",
      " [1.70887108]]\n",
      "\n",
      "Posterior variance:\n",
      "[[ 0.07334061  0.0112452  -0.0942386  -0.00783461]\n",
      " [ 0.0112452   0.3338493  -0.03255167 -0.27056079]\n",
      " [-0.0942386  -0.03255167  0.51100703 -0.05003356]\n",
      " [-0.00783461 -0.27056079 -0.05003356  0.73300063]]\n",
      "\n",
      "Predictive distribution ~ N(6.01082,1.43491)\n",
      "--------------------------------------------------\n",
      "Add data point (0.94947, 10.71462):\n",
      "\n",
      "Posterior mean:\n",
      "[[1.32957094]\n",
      " [2.63179101]\n",
      " [2.38860689]\n",
      " [2.52545109]]\n",
      "\n",
      "Posterior variance:\n",
      "[[ 0.0733039   0.01156835 -0.09283302 -0.00630954]\n",
      " [ 0.01156835  0.33100472 -0.0449245  -0.28398541]\n",
      " [-0.09283302 -0.0449245   0.45718998 -0.10842548]\n",
      " [-0.00630954 -0.28398541 -0.10842548  0.66964495]]\n",
      "\n",
      "Predictive distribution ~ N(8.14339,1.37184)\n",
      "--------------------------------------------------\n",
      "Add data point (0.92913, 8.10132):\n",
      "\n",
      "Posterior mean:\n",
      "[[1.32936554]\n",
      " [2.6411812 ]\n",
      " [2.41954704]\n",
      " [2.55642869]]\n",
      "\n",
      "Posterior variance:\n",
      "[[ 0.07330291  0.01161355 -0.09268408 -0.00616042]\n",
      " [ 0.01161355  0.3289382  -0.05173355 -0.29080271]\n",
      " [-0.09268408 -0.05173355  0.43475454 -0.13088808]\n",
      " [-0.00616042 -0.29080271 -0.13088808  0.64715517]]\n",
      "\n",
      "Predictive distribution ~ N(7.92262,1.25160)\n",
      "--------------------------------------------------\n",
      "Add data point (0.00880, 1.52044):\n",
      "\n",
      "Posterior mean:\n",
      "[[1.34082766]\n",
      " [2.6434461 ]\n",
      " [2.40500728]\n",
      " [2.5550656 ]]\n",
      "\n",
      "Posterior variance:\n",
      "[[ 0.0682846   0.01062194 -0.08631832 -0.00556364]\n",
      " [ 0.01062194  0.32874226 -0.05047569 -0.29068478]\n",
      " [-0.08631832 -0.05047569  0.42667954 -0.1316451 ]\n",
      " [-0.00556364 -0.29068478 -0.1316451   0.6470842 ]]\n",
      "\n",
      "Predictive distribution ~ N(1.36427,1.06848)\n",
      "--------------------------------------------------\n",
      "Add data point (0.59509, 2.51728):\n",
      "\n",
      "Posterior mean:\n",
      "[[1.27134411]\n",
      " [2.43738834]\n",
      " [2.39365734]\n",
      " [2.69900931]]\n",
      "\n",
      "Posterior variance:\n",
      "[[ 0.06661767  0.00567857 -0.08659061 -0.0021104 ]\n",
      " [ 0.00567857  0.31408238 -0.05128318 -0.28044398]\n",
      " [-0.08659061 -0.05128318  0.42663506 -0.13108102]\n",
      " [-0.0021104  -0.28044398 -0.13108102  0.63993038]]\n",
      "\n",
      "Predictive distribution ~ N(4.13827,1.09279)\n",
      "--------------------------------------------------\n",
      "Add data point (0.07330, 1.29270):\n",
      "\n",
      "Posterior mean:\n",
      "[[1.26067349]\n",
      " [2.4328496 ]\n",
      " [2.40778095]\n",
      " [2.7027152 ]]\n",
      "\n",
      "Posterior variance:\n",
      "[[ 0.06246916  0.003914   -0.08109965 -0.00066962]\n",
      " [ 0.003914    0.31333183 -0.0489476  -0.27983115]\n",
      " [-0.08109965 -0.0489476   0.41936724 -0.13298803]\n",
      " [-0.00066962 -0.27983115 -0.13298803  0.63943   ]]\n",
      "\n",
      "Predictive distribution ~ N(1.45300,1.06381)\n",
      "--------------------------------------------------\n",
      "Add data point (-0.49322, 0.10160):\n",
      "\n",
      "Posterior mean:\n",
      "[[1.25259047]\n",
      " [2.4583417 ]\n",
      " [2.39571966]\n",
      " [2.69712563]]\n",
      "\n",
      "Posterior variance:\n",
      "[[ 0.06097086  0.00863932 -0.08333538 -0.00170573]\n",
      " [ 0.00863932  0.29842919 -0.0418966  -0.27656349]\n",
      " [-0.08333538 -0.0418966   0.41603114 -0.13453408]\n",
      " [-0.00170573 -0.27656349 -0.13453408  0.63871351]]\n",
      "\n",
      "Predictive distribution ~ N(0.29928,1.10390)\n",
      "--------------------------------------------------\n",
      "Add data point (-0.96469, -2.04056):\n",
      "\n",
      "Posterior mean:\n",
      "[[1.26173594]\n",
      " [2.48569912]\n",
      " [2.21385981]\n",
      " [2.86666285]]\n",
      "\n",
      "Posterior variance:\n",
      "[[ 0.06067779  0.00776265 -0.07750762 -0.0071386 ]\n",
      " [ 0.00776265  0.29580674 -0.02446367 -0.29281518]\n",
      " [-0.07750762 -0.02446367  0.3001449  -0.02650017]\n",
      " [-0.0071386  -0.29281518 -0.02650017  0.53799987]]\n",
      "\n",
      "Predictive distribution ~ N(-1.64948,1.46411)\n",
      "--------------------------------------------------\n",
      "Add data point (-0.41241, 1.28545):\n",
      "\n",
      "Posterior mean:\n",
      "[[1.29803898]\n",
      " [2.40639484]\n",
      " [2.20210075]\n",
      " [2.92450954]]\n",
      "\n",
      "Posterior variance:\n",
      "[[ 0.05881589  0.01182998 -0.07690453 -0.01010542]\n",
      " [ 0.01182998  0.28692162 -0.02578114 -0.28633413]\n",
      " [-0.07690453 -0.02578114  0.29994955 -0.02553917]\n",
      " [-0.01010542 -0.28633413 -0.02553917  0.53327242]]\n",
      "\n",
      "Predictive distribution ~ N(0.47501,1.07208)\n",
      "--------------------------------------------------\n",
      "Add data point (0.97616, 10.29062):\n",
      "\n",
      "Posterior mean:\n",
      "[[1.28088675]\n",
      " [2.40779651]\n",
      " [2.42489908]\n",
      " [3.17807266]]\n",
      "\n",
      "Posterior variance:\n",
      "[[ 0.05870013  0.01183944 -0.07540082 -0.00839408]\n",
      " [ 0.01183944  0.28692084 -0.02590402 -0.28647398]\n",
      " [-0.07540082 -0.02590402  0.28041715 -0.04776867]\n",
      " [-0.00839408 -0.28647398 -0.04776867  0.50797339]]\n",
      "\n",
      "Predictive distribution ~ N(8.89805,1.23692)\n",
      "--------------------------------------------------\n",
      "Add data point (0.30425, 2.37073):\n",
      "\n",
      "Posterior mean:\n",
      "[[1.28310598]\n",
      " [2.41136871]\n",
      " [2.42253548]\n",
      " [3.17462132]]\n",
      "\n",
      "Posterior variance:\n",
      "[[ 0.05587531  0.00729246 -0.07239225 -0.00400093]\n",
      " [ 0.00729246  0.27960177 -0.02106126 -0.27940253]\n",
      " [-0.07239225 -0.02106126  0.27721288 -0.05244759]\n",
      " [-0.00400093 -0.27940253 -0.05244759  0.50114118]]\n",
      "\n",
      "Predictive distribution ~ N(2.33044,1.06909)\n",
      "--------------------------------------------------\n",
      "Add data point (-0.10997, 1.31516):\n",
      "\n",
      "Posterior mean:\n",
      "[[1.29707598]\n",
      " [2.40535387]\n",
      " [2.40535646]\n",
      " [3.18117375]]\n",
      "\n",
      "Posterior variance:\n",
      "[[ 0.05309293  0.00849042 -0.06897073 -0.00530597]\n",
      " [ 0.00849042  0.27908598 -0.02253441 -0.27884064]\n",
      " [-0.06897073 -0.02253441  0.27300541 -0.05084278]\n",
      " [-0.00530597 -0.27884064 -0.05084278  0.50052907]]\n",
      "\n",
      "Predictive distribution ~ N(1.05743,1.05297)\n",
      "--------------------------------------------------\n",
      "Add data point (0.91501, 9.81325):\n",
      "\n",
      "Posterior mean:\n",
      "[[1.29556918]\n",
      " [2.45521564]\n",
      " [2.56432866]\n",
      " [3.30899663]]\n",
      "\n",
      "Posterior variance:\n",
      "[[ 0.05309217  0.00851578 -0.06888989 -0.00524096]\n",
      " [ 0.00851578  0.27824686 -0.02520972 -0.28099175]\n",
      " [-0.06888989 -0.02520972  0.26447582 -0.05770106]\n",
      " [-0.00524096 -0.28099175 -0.05770106  0.49501461]]\n",
      "\n",
      "Predictive distribution ~ N(8.22403,1.14758)\n",
      "--------------------------------------------------\n",
      "Add data point (0.98964, 9.28488):\n",
      "\n",
      "Posterior mean:\n",
      "[[1.29700983]\n",
      " [2.45693439]\n",
      " [2.55005798]\n",
      " [3.29071668]]\n",
      "\n",
      "Posterior variance:\n",
      "[[ 0.05299233  0.00839667 -0.06790094 -0.00397418]\n",
      " [ 0.00839667  0.27810477 -0.02402988 -0.27948044]\n",
      " [-0.06790094 -0.02402988  0.25467962 -0.07024944]\n",
      " [-0.00397418 -0.27948044 -0.07024944  0.47894085]]\n",
      "\n",
      "Predictive distribution ~ N(9.41549,1.17939)\n",
      "--------------------------------------------------\n",
      "Add data point (0.44955, 1.23280):\n",
      "\n",
      "Posterior mean:\n",
      "[[1.21813661]\n",
      " [2.2662886 ]\n",
      " [2.6121762 ]\n",
      " [3.47605535]]\n",
      "\n",
      "Posterior variance:\n",
      "[[ 5.12946467e-02  4.29317278e-03 -6.65638970e-02  1.50917273e-05]\n",
      " [ 4.29317278e-03  2.68186129e-01 -2.07980839e-02 -2.69837914e-01]\n",
      " [-6.65638970e-02 -2.07980839e-02  2.53626606e-01 -7.33912698e-02]\n",
      " [ 1.50917273e-05 -2.69837914e-01 -7.33912698e-02  4.69566743e-01]]\n",
      "\n",
      "Predictive distribution ~ N(3.08066,1.06817)\n",
      "--------------------------------------------------\n",
      "Add data point (-0.92545, 0.38592):\n",
      "\n",
      "Posterior mean:\n",
      "[[1.20557451]\n",
      " [2.20433669]\n",
      " [2.90755521]\n",
